-1.06066017177982 1.43933982822018 0
-1.0419875556885 1.42099029949202 0
-1.02299754009375 1.40296944757124 0
-1.00369590953829 1.38528276178391 0
-0.984088543485761 1.36793562966584 0
-0.964181414529809 1.35093333532153 0
-0.943980586574756 1.33428105781454 0
-0.923492212988487 1.31798386958992 0
-0.902722534728072 1.30204673492906 0
-0.88167787843871 1.28647450843758 0
-0.860364654526569 1.27127193356651 0
-0.83878935520612 1.25644364116744 0
-0.816958552522541 1.24199414808186 0
-0.794878896349807 1.22792785576536 0
-0.772557112365081 1.21424904894683 0
-0.75 1.20096189432334 0
-0.727214430369506 1.18807043929091 0
-0.704207344178836 1.17557861071161 0
-0.68098574960932 1.16349021371745 0
-0.657556720183616 1.15180893055125 0
-0.633927392611049 1.14053831944503 0
-0.6101049646137 1.1296818135361 0
-0.586096692733911 1.11924271982134 0
-0.561909890123868 1.10922421814982 0
-0.53755192431795 1.0996293602542 0
-0.513030214988503 1.09046106882114 0
-0.488352231685735 1.08172213660102 0
-0.463525491562421 1.07341522555727 0
-0.438557557084105 1.06554286605545 0
-0.413456033725499 1.05810745609252 0
-0.388228567653781 1.0511112605664 0
-0.362882843399502 1.04455641058601 0
-0.337426581515798 1.03844490282215 0
-0.311867536226639 1.03277859889929 0
-0.286213493064817 1.0275592248285 0
-0.260472266500396 1.02278837048169 0
-0.234651697560346 1.01846748910729 0
-0.208759651440098 1.01459789688764 0
-0.182804015107721 1.01118077253802 0
-0.15679269490148 1.00821715694759 0
-0.130733614121487 1.00570795286238 0
-0.104634710616188 1.00365392461026 0
-0.0785039343644157 1.00205569786814 0
-0.0523492450537515 1.00091375947136 0
-0.0261786096559253 1.00022845726541 0
0 1 0
0 1 0
0.0066668192590423 1.00005818045026 0
0.0133316077403554 1.00023270407871 0
0.0199923352848045 1.00052351772375 0
0.0266469729702559 1.00093053280075 0
0.0332934937296054 1.00145362532895 0
0.0399298729682436 1.00209263596932 0
0.0465540891807663 1.00284737007301 0
0.053164124566745 1.00371759774072 0
0.0597579656453682 1.00470305389266 0
0.0663336038687674 1.00580343834934 0
0.0728890362338401 1.00701841592299 0
0.0794222658923841 1.00834761651969 0
0.0859313027593564 1.00979063525204 0
0.0924141641190731 1.01134703256257 0
0.0988688752291629 1.01301633435758 0
0.105293469922094 1.01479803215156 0
0.111685991204085 1.01669158322212 0
0.11804449185123 1.01869641077525 0
0.124367035002634 1.02081190412106 0
0.130651694750405 1.02303741885978 0
0.136896556726305 1.02537227707807 0
0.143099718684878 1.02781576755549 0
0.149259291082903 1.03036714598117 0
0.155373397654956 1.03302563518053 0
0.161440175984947 1.035790425352 0
0.161440175984947 1.035790425352 0
0.480333449477772 1.18279863016694 0
0.79354104242402 1.32376721710344 0
1.10106295482369 1.45869618616149 0
1.40289918667679 1.5875855373411 0
1.69904973798331 1.71043527064226 0
1.98951460874325 1.82724538606498 0
2.27429379895661 1.93801588360925 0
2.5533873086234 2.04274676327507 0
2.82679513774361 2.14143802506245 0
3.09451728631725 2.23408966897138 0
3.35655375434431 2.32070169500187 0
3.61290454182479 2.40127410315391 0
3.86356964875869 2.4758068934275 0
4.10854907514602 2.54430006582265 0
4.34784282098678 2.60675362033936 0
4.58145088628095 2.66316755697761 0
4.80937327102855 2.71354187573743 0
5.03160997522957 2.75787657661879 0
5.24816099888402 2.79617165962171 0
5.45902634199189 2.82842712474619 0
